133082 595 608
133082 523 592
133082 1 336
133081 195 217
133046 45 323
133046 1 43
133038 1 70
133036 1 225
133035 1 306
133034 131 325
133031 1 18
133030 1 29
133029 129 350
133029 101 115
132968 1 173
132965 1 107
132961 1 427
132960 1 190
132959 278 417
132959 1 276
132958 118 132
132716 593 640
132716 220 591
132662 132 165
132662 1 130
132661 1 130
132659 1 84
132658 1 177
132656 1 140
132654 1 268
132653 1 87
132652 1 160
132650 146 180
132650 1 144
132648 1 78
132647 1 216
132646 7 79
132606 1 37
132605 831 968
132605 624 829
132605 446 622
132605 1 444
132602 1 83
132601 261 1131
132601 209 259
132601 1 207
132599 381 538
132599 380 380
132599 1 379
132598 1 188
132597 1 48
132596 382 453
